touch introduccion.qmd
1 + 1
file.create("casos.qmd")
file.create("contacto.qmd")
file.create(c("temario.qmd", "recursos.qmd"))
summary(0.3
0.6
summary(c(
0.3, 0.6, 0.8, 0.8, 1.9, 2.0, 2.0, 2.0, 2.1, 2.2,
2.3, 2.5, 2.5, 2.6, 2.7, 2.8, 2.8, 3.0, 3.1, 3.2,
3.2, 3.2, 3.2, 3.3, 3.3, 3.4, 3.4, 3.6, 3.6, 3.7,
3.9, 4.0, 4.0, 4.1, 4.1, 4.1, 5.0, 5.0, 5.0, 5.0
))
quantile(c(
0.3, 0.6, 0.8, 0.8, 1.9, 2.0, 2.0, 2.0, 2.1, 2.2,
2.3, 2.5, 2.5, 2.6, 2.7, 2.8, 2.8, 3.0, 3.1, 3.2,
3.2, 3.2, 3.2, 3.3, 3.3, 3.4, 3.4, 3.6, 3.6, 3.7,
3.9, 4.0, 4.0, 4.1, 4.1, 4.1, 5.0, 5.0, 5.0, 5.0
))
hist(c(
0.3, 0.6, 0.8, 0.8, 1.9, 2.0, 2.0, 2.0, 2.1, 2.2,
2.3, 2.5, 2.5, 2.6, 2.7, 2.8, 2.8, 3.0, 3.1, 3.2,
3.2, 3.2, 3.2, 3.3, 3.3, 3.4, 3.4, 3.6, 3.6, 3.7,
3.9, 4.0, 4.0, 4.1, 4.1, 4.1, 5.0, 5.0, 5.0, 5.0
))
mean(c(0.3, 0.6, 0.8, 0.8, 1.9, 2.0, 2.0, 2.0, 2.1, 2.2, 2.3, 2.5, 2.5, 2.6, 2.7, 2.8, 2.8, 3.0, 3.1, 3.2, 3.2, 3.2, 3.2, 3.3, 3.3, 3.4, 3.4, 3.6, 3.6, 3.7, 3.9, 4.0, 4.0, 4.1, 4.1, 4.1, 5.0, 5.0, 5.0, 5.0) <= 4.0) * 100
file.create(c("modulo_intro_est.qmd", "modulo_intro_r.qmd", "modulo_bases.qmd", "modulo_descrip.qmd"))
file.create(c("modulo_proba.qmd", "modulo_infer.qmd", "modulo_dis_exp.qmd", "modulo_regre.qmd"), "modulo_time_space.qmd", "modulo_plots.qmd", "modulo_docs.qmd")
quantile(c(
0.3, 0.6, 0.8, 0.8, 1.9, 2.0, 2.0, 2.0, 2.1, 2.2,
2.3, 2.5, 2.5, 2.6, 2.7, 2.8, 2.8, 3.0, 3.1, 3.2,
3.2, 3.2, 3.2, 3.3, 3.3, 3.4, 3.4, 3.6, 3.6, 3.7,
3.9, 4.0, 4.0, 4.1, 4.1, 4.1, 5.0, 5.0, 5.0, 5.0
))
summary(c(
0.3, 0.6, 0.8, 0.8, 1.9, 2.0, 2.0, 2.0, 2.1, 2.2,
2.3, 2.5, 2.5, 2.6, 2.7, 2.8, 2.8, 3.0, 3.1, 3.2,
3.2, 3.2, 3.2, 3.3, 3.3, 3.4, 3.4, 3.6, 3.6, 3.7,
3.9, 4.0, 4.0, 4.1, 4.1, 4.1, 5.0, 5.0, 5.0, 5.0
))
file.create("workflows/publish.yml")
file.create(".github/workflows/publish.yml")
quarto::quarto_render()
quarto_render()
install.packages('rsconnect')
